297	1546
222	1222
452	1032
280	1034
271	1030
288	1033
323	1030
448	1031
639	1024
702	1029
590	1021
482	1030
718	1031
993	1023
1070	1031
928	1032
893	1028
1104	1028
1319	1034
1553	1028
1468	1023
1730	1029
1929	1032
1898	1027
1696	1030
1545	1043
1861	1034
2254	1022
2220	1015
2029	1026
2008	1028
2245	1028
2658	1025
2733	1031
2535	1029
2468	1028
2783	1075
3222	1090
3328	1083
3108	1088
3382	1093
3833	1079
3903	1075
3708	1116
3612	1107
3956	1078
4578	1079
4680	1079
4632	1079
4403	1083
4681	1079
5331	1085
5427	1080
5363	1089
5191	1084
5538	1087
6444	1092
6300	1083
6252	1080
6063	1089
6446	1083
7176	1083
7189	1081
6951	1090
7293	1084
8023	1096
8021	1085
7688	1085
7632	1091
8162	1093
8943	1077
9393	1089
8858	1083
8726	1084
9178	1090
10243	1077
10206	1088
10065	1089
10152	1081
10456	1080
11380	1091
11541	1091
11612	1087
11396	1081
11955	1085
12624	1097
12873	1140
12852	1099
13215	1083
14207	1082
14592	1130
14354	1108
14462	1095
14813	1118
15719	1105
15791	1136
16032	1103
16038	1123
16383	1108
17315	1139
17488	1163
